s (1,1) 47
s (2,1) 86
s (3,1) 66
s (4,1) 28
s (5,1) 22
s (6,1) 71
s (7,1) 42
s (8,1) 16
s (9,1) 85
s (10,1) 88
(1,1) (1,2) 72
(2,1) (2,2) 43
(3,1) (3,2) 75
(4,1) (4,2) 85
(5,1) (5,2) 71
(6,1) (6,2) 59
(7,1) (7,2) 32
(8,1) (8,2) 36
(9,1) (9,2) 88
(10,1) (10,2) 70
(1,2) (1,3) 1
(2,2) (2,3) 50
(3,2) (3,3) 80
(4,2) (4,3) 69
(5,2) (5,3) 86
(6,2) (6,3) 81
(7,2) (7,3) 27
(8,2) (8,3) 48
(9,2) (9,3) 13
(10,2) (10,3) 81
(1,3) (1,4) 42
(2,3) (2,4) 24
(3,3) (3,4) 72
(4,3) (4,4) 81
(5,3) (5,4) 30
(6,3) (6,4) 45
(7,3) (7,4) 1
(8,3) (8,4) 25
(9,3) (9,4) 88
(10,3) (10,4) 27
(1,4) (1,5) 57
(2,4) (2,5) 56
(3,4) (3,5) 66
(4,4) (4,5) 29
(5,4) (5,5) 42
(6,4) (6,5) 47
(7,4) (7,5) 40
(8,4) (8,5) 57
(9,4) (9,5) 95
(10,4) (10,5) 64
(1,5) (1,6) 52
(2,5) (2,6) 63
(3,5) (3,6) 94
(4,5) (4,6) 93
(5,5) (5,6) 16
(6,5) (6,6) 97
(7,5) (7,6) 82
(8,5) (8,6) 51
(9,5) (9,6) 78
(10,5) (10,6) 4
(1,6) (1,7) 8
(2,6) (2,7) 91
(3,6) (3,7) 10
(4,6) (4,7) 33
(5,6) (5,7) 50
(6,6) (6,7) 37
(7,6) (7,7) 19
(8,6) (8,7) 19
(9,6) (9,7) 62
(10,6) (10,7) 10
(1,7) (1,8) 28
(2,7) (2,8) 88
(3,7) (3,8) 13
(4,7) (4,8) 12
(5,7) (5,8) 74
(6,7) (6,8) 71
(7,7) (7,8) 41
(8,7) (8,8) 25
(9,7) (9,8) 24
(10,7) (10,8) 18
(1,8) (1,9) 34
(2,8) (2,9) 45
(3,8) (3,9) 92
(4,8) (4,9) 98
(5,8) (5,9) 21
(6,8) (6,9) 50
(7,8) (7,9) 85
(8,8) (8,9) 89
(9,8) (9,9) 23
(10,8) (10,9) 85
(1,9) (1,10) 85
(2,9) (2,10) 54
(3,9) (3,10) 51
(4,9) (4,10) 16
(5,9) (5,10) 23
(6,9) (6,10) 59
(7,9) (7,10) 59
(8,9) (8,10) 6
(9,9) (9,10) 94
(10,9) (10,10) 20
(1,1) (2,1) 82
(2,1) (1,1) 23
(2,1) (3,1) 78
(3,1) (2,1) 36
(3,1) (4,1) 48
(4,1) (3,1) 74
(4,1) (5,1) 85
(5,1) (4,1) 6
(5,1) (6,1) 79
(6,1) (5,1) 13
(6,1) (7,1) 63
(7,1) (6,1) 23
(7,1) (8,1) 25
(8,1) (7,1) 32
(8,1) (9,1) 55
(9,1) (8,1) 22
(9,1) (10,1) 75
(10,1) (9,1) 37
(1,2) (2,2) 73
(2,2) (1,2) 53
(2,2) (3,2) 41
(3,2) (2,2) 92
(3,2) (4,2) 28
(4,2) (3,2) 51
(4,2) (5,2) 29
(5,2) (4,2) 7
(5,2) (6,2) 65
(6,2) (5,2) 59
(6,2) (7,2) 6
(7,2) (6,2) 9
(7,2) (8,2) 90
(8,2) (7,2) 60
(8,2) (9,2) 25
(9,2) (8,2) 37
(9,2) (10,2) 70
(10,2) (9,2) 26
(1,3) (2,3) 2
(2,3) (1,3) 18
(2,3) (3,3) 34
(3,3) (2,3) 74
(3,3) (4,3) 65
(4,3) (3,3) 37
(4,3) (5,3) 97
(5,3) (4,3) 86
(5,3) (6,3) 73
(6,3) (5,3) 31
(6,3) (7,3) 1
(7,3) (6,3) 52
(7,3) (8,3) 83
(8,3) (7,3) 45
(8,3) (9,3) 89
(9,3) (8,3) 41
(9,3) (10,3) 76
(10,3) (9,3) 86
(1,4) (2,4) 48
(2,4) (1,4) 62
(2,4) (3,4) 52
(3,4) (2,4) 29
(3,4) (4,4) 55
(4,4) (3,4) 23
(4,4) (5,4) 10
(5,4) (4,4) 9
(5,4) (6,4) 44
(6,4) (5,4) 69
(6,4) (7,4) 10
(7,4) (6,4) 78
(7,4) (8,4) 19
(8,4) (7,4) 82
(8,4) (9,4) 95
(9,4) (8,4) 36
(9,4) (10,4) 61
(10,4) (9,4) 46
(1,5) (2,5) 78
(2,5) (1,5) 78
(2,5) (3,5) 77
(3,5) (2,5) 69
(3,5) (4,5) 64
(4,5) (3,5) 57
(4,5) (5,5) 79
(5,5) (4,5) 84
(5,5) (6,5) 86
(6,5) (5,5) 16
(6,5) (7,5) 61
(7,5) (6,5) 62
(7,5) (8,5) 99
(8,5) (7,5) 74
(8,5) (9,5) 48
(9,5) (8,5) 56
(9,5) (10,5) 57
(10,5) (9,5) 99
(1,6) (2,6) 34
(2,6) (1,6) 93
(2,6) (3,6) 89
(3,6) (2,6) 2
(3,6) (4,6) 94
(4,6) (3,6) 36
(4,6) (5,6) 13
(5,6) (4,6) 63
(5,6) (6,6) 58
(6,6) (5,6) 36
(6,6) (7,6) 55
(7,6) (6,6) 97
(7,6) (8,6) 51
(8,6) (7,6) 67
(8,6) (9,6) 79
(9,6) (8,6) 64
(9,6) (10,6) 88
(10,6) (9,6) 38
(1,7) (2,7) 87
(2,7) (1,7) 51
(2,7) (3,7) 79
(3,7) (2,7) 21
(3,7) (4,7) 3
(4,7) (3,7) 17
(4,7) (5,7) 72
(5,7) (4,7) 90
(5,7) (6,7) 28
(6,7) (5,7) 45
(6,7) (7,7) 76
(7,7) (6,7) 85
(7,7) (8,7) 31
(8,7) (7,7) 71
(8,7) (9,7) 99
(9,7) (8,7) 32
(9,7) (10,7) 62
(10,7) (9,7) 41
(1,8) (2,8) 54
(2,8) (1,8) 20
(2,8) (3,8) 11
(3,8) (2,8) 24
(3,8) (4,8) 39
(4,8) (3,8) 4
(4,8) (5,8) 49
(5,8) (4,8) 69
(5,8) (6,8) 31
(6,8) (5,8) 69
(6,8) (7,8) 75
(7,8) (6,8) 48
(7,8) (8,8) 58
(8,8) (7,8) 87
(8,8) (9,8) 90
(9,8) (8,8) 24
(9,8) (10,8) 68
(10,8) (9,8) 60
(1,9) (2,9) 76
(2,9) (1,9) 91
(2,9) (3,9) 87
(3,9) (2,9) 55
(3,9) (4,9) 98
(4,9) (3,9) 49
(4,9) (5,9) 20
(5,9) (4,9) 45
(5,9) (6,9) 78
(6,9) (5,9) 22
(6,9) (7,9) 31
(7,9) (6,9) 75
(7,9) (8,9) 61
(8,9) (7,9) 22
(8,9) (9,9) 64
(9,9) (8,9) 51
(9,9) (10,9) 68
(10,9) (9,9) 77
(1,10) (2,10) 30
(2,10) (1,10) 38
(2,10) (3,10) 47
(3,10) (2,10) 66
(3,10) (4,10) 21
(4,10) (3,10) 75
(4,10) (5,10) 31
(5,10) (4,10) 4
(5,10) (6,10) 99
(6,10) (5,10) 39
(6,10) (7,10) 98
(7,10) (6,10) 8
(7,10) (8,10) 11
(8,10) (7,10) 13
(8,10) (9,10) 97
(9,10) (8,10) 95
(9,10) (10,10) 22
(10,10) (9,10) 60
(1,10) t 1
(2,10) t 82
(3,10) t 1
(4,10) t 23
(5,10) t 23
(6,10) t 68
(7,10) t 73
(8,10) t 41
(9,10) t 26
(10,10) t 27
