s (1,1) 93
s (2,1) 8
s (3,1) 70
s (4,1) 92
s (5,1) 62
s (6,1) 33
s (7,1) 76
s (8,1) 82
s (9,1) 24
s (10,1) 5
(1,1) (1,2) 43
(2,1) (2,2) 57
(3,1) (3,2) 9
(4,1) (4,2) 57
(5,1) (5,2) 81
(6,1) (6,2) 65
(7,1) (7,2) 68
(8,1) (8,2) 8
(9,1) (9,2) 5
(10,1) (10,2) 66
(1,2) (1,3) 12
(2,2) (2,3) 33
(3,2) (3,3) 93
(4,2) (4,3) 26
(5,2) (5,3) 11
(6,2) (6,3) 79
(7,2) (7,3) 8
(8,2) (8,3) 15
(9,2) (9,3) 82
(10,2) (10,3) 86
(1,3) (1,4) 26
(2,3) (2,4) 96
(3,3) (3,4) 98
(4,3) (4,4) 52
(5,3) (5,4) 80
(6,3) (6,4) 22
(7,3) (7,4) 41
(8,3) (8,4) 73
(9,3) (9,4) 75
(10,3) (10,4) 95
(1,4) (1,5) 19
(2,4) (2,5) 79
(3,4) (3,5) 66
(4,4) (4,5) 32
(5,4) (5,5) 77
(6,4) (6,5) 23
(7,4) (7,5) 36
(8,4) (8,5) 16
(9,4) (9,5) 95
(10,4) (10,5) 13
(1,5) (1,6) 25
(2,5) (2,6) 65
(3,5) (3,6) 38
(4,5) (4,6) 90
(5,5) (5,6) 5
(6,5) (6,6) 25
(7,5) (7,6) 93
(8,5) (8,6) 9
(9,5) (9,6) 74
(10,5) (10,6) 93
(1,6) (1,7) 1
(2,6) (2,7) 51
(3,6) (3,7) 18
(4,6) (4,7) 15
(5,6) (5,7) 53
(6,6) (6,7) 80
(7,6) (7,7) 68
(8,6) (8,7) 15
(9,6) (9,7) 20
(10,6) (10,7) 4
(1,7) (1,8) 85
(2,7) (2,8) 46
(3,7) (3,8) 77
(4,7) (4,8) 78
(5,7) (5,8) 77
(6,7) (6,8) 58
(7,7) (7,8) 24
(8,7) (8,8) 32
(9,7) (9,8) 3
(10,7) (10,8) 57
(1,8) (1,9) 35
(2,8) (2,9) 84
(3,8) (3,9) 6
(4,8) (4,9) 79
(5,8) (5,9) 2
(6,8) (6,9) 99
(7,8) (7,9) 77
(8,8) (8,9) 27
(9,8) (9,9) 21
(10,8) (10,9) 10
(1,9) (1,10) 37
(2,9) (2,10) 24
(3,9) (3,10) 67
(4,9) (4,10) 45
(5,9) (5,10) 32
(6,9) (6,10) 94
(7,9) (7,10) 38
(8,9) (8,10) 56
(9,9) (9,10) 14
(10,9) (10,10) 41
(1,1) (2,1) 45
(2,1) (1,1) 21
(2,1) (3,1) 45
(3,1) (2,1) 32
(3,1) (4,1) 39
(4,1) (3,1) 6
(4,1) (5,1) 97
(5,1) (4,1) 19
(5,1) (6,1) 96
(6,1) (5,1) 17
(6,1) (7,1) 5
(7,1) (6,1) 91
(7,1) (8,1) 31
(8,1) (7,1) 29
(8,1) (9,1) 50
(9,1) (8,1) 18
(9,1) (10,1) 18
(10,1) (9,1) 49
(1,2) (2,2) 77
(2,2) (1,2) 88
(2,2) (3,2) 34
(3,2) (2,2) 33
(3,2) (4,2) 37
(4,2) (3,2) 52
(4,2) (5,2) 26
(5,2) (4,2) 69
(5,2) (6,2) 67
(6,2) (5,2) 17
(6,2) (7,2) 46
(7,2) (6,2) 23
(7,2) (8,2) 46
(8,2) (7,2) 62
(8,2) (9,2) 5
(9,2) (8,2) 4
(9,2) (10,2) 71
(10,2) (9,2) 48
(1,3) (2,3) 60
(2,3) (1,3) 51
(2,3) (3,3) 13
(3,3) (2,3) 87
(3,3) (4,3) 52
(4,3) (3,3) 81
(4,3) (5,3) 62
(5,3) (4,3) 18
(5,3) (6,3) 56
(6,3) (5,3) 84
(6,3) (7,3) 50
(7,3) (6,3) 65
(7,3) (8,3) 47
(8,3) (7,3) 47
(8,3) (9,3) 14
(9,3) (8,3) 15
(9,3) (10,3) 8
(10,3) (9,3) 68
(1,4) (2,4) 14
(2,4) (1,4) 61
(2,4) (3,4) 15
(3,4) (2,4) 11
(3,4) (4,4) 24
(4,4) (3,4) 59
(4,4) (5,4) 13
(5,4) (4,4) 43
(5,4) (6,4) 79
(6,4) (5,4) 16
(6,4) (7,4) 69
(7,4) (6,4) 34
(7,4) (8,4) 43
(8,4) (7,4) 36
(8,4) (9,4) 21
(9,4) (8,4) 68
(9,4) (10,4) 4
(10,4) (9,4) 38
(1,5) (2,5) 56
(2,5) (1,5) 17
(2,5) (3,5) 71
(3,5) (2,5) 52
(3,5) (4,5) 85
(4,5) (3,5) 65
(4,5) (5,5) 50
(5,5) (4,5) 53
(5,5) (6,5) 30
(6,5) (5,5) 46
(6,5) (7,5) 91
(7,5) (6,5) 69
(7,5) (8,5) 96
(8,5) (7,5) 74
(8,5) (9,5) 75
(9,5) (8,5) 48
(9,5) (10,5) 46
(10,5) (9,5) 54
(1,6) (2,6) 57
(2,6) (1,6) 36
(2,6) (3,6) 26
(3,6) (2,6) 86
(3,6) (4,6) 30
(4,6) (3,6) 81
(4,6) (5,6) 95
(5,6) (4,6) 66
(5,6) (6,6) 78
(6,6) (5,6) 37
(6,6) (7,6) 2
(7,6) (6,6) 51
(7,6) (8,6) 65
(8,6) (7,6) 49
(8,6) (9,6) 76
(9,6) (8,6) 12
(9,6) (10,6) 91
(10,6) (9,6) 83
(1,7) (2,7) 95
(2,7) (1,7) 88
(2,7) (3,7) 25
(3,7) (2,7) 28
(3,7) (4,7) 57
(4,7) (3,7) 65
(4,7) (5,7) 4
(5,7) (4,7) 50
(5,7) (6,7) 6
(6,7) (5,7) 66
(6,7) (7,7) 37
(7,7) (6,7) 75
(7,7) (8,7) 72
(8,7) (7,7) 78
(8,7) (9,7) 44
(9,7) (8,7) 54
(9,7) (10,7) 38
(10,7) (9,7) 13
(1,8) (2,8) 3
(2,8) (1,8) 4
(2,8) (3,8) 73
(3,8) (2,8) 25
(3,8) (4,8) 67
(4,8) (3,8) 14
(4,8) (5,8) 82
(5,8) (4,8) 62
(5,8) (6,8) 57
(6,8) (5,8) 14
(6,8) (7,8) 19
(7,8) (6,8) 46
(7,8) (8,8) 46
(8,8) (7,8) 92
(8,8) (9,8) 54
(9,8) (8,8) 81
(9,8) (10,8) 77
(10,8) (9,8) 8
(1,9) (2,9) 42
(2,9) (1,9) 4
(2,9) (3,9) 86
(3,9) (2,9) 45
(3,9) (4,9) 17
(4,9) (3,9) 81
(4,9) (5,9) 36
(5,9) (4,9) 92
(5,9) (6,9) 99
(6,9) (5,9) 28
(6,9) (7,9) 85
(7,9) (6,9) 67
(7,9) (8,9) 64
(8,9) (7,9) 49
(8,9) (9,9) 50
(9,9) (8,9) 9
(9,9) (10,9) 13
(10,9) (9,9) 86
(1,10) (2,10) 58
(2,10) (1,10) 88
(2,10) (3,10) 69
(3,10) (2,10) 58
(3,10) (4,10) 44
(4,10) (3,10) 59
(4,10) (5,10) 39
(5,10) (4,10) 88
(5,10) (6,10) 76
(6,10) (5,10) 46
(6,10) (7,10) 73
(7,10) (6,10) 67
(7,10) (8,10) 76
(8,10) (7,10) 36
(8,10) (9,10) 47
(9,10) (8,10) 24
(9,10) (10,10) 24
(10,10) (9,10) 11
(1,10) t 86
(2,10) t 40
(3,10) t 96
(4,10) t 6
(5,10) t 89
(6,10) t 19
(7,10) t 54
(8,10) t 92
(9,10) t 29
(10,10) t 52
