s (1,1) 97
s (2,1) 77
s (3,1) 36
s (4,1) 21
s (5,1) 78
s (6,1) 95
s (7,1) 40
s (8,1) 77
s (9,1) 12
s (10,1) 2
(1,1) (1,2) 73
(2,1) (2,2) 53
(3,1) (3,2) 95
(4,1) (4,2) 83
(5,1) (5,2) 11
(6,1) (6,2) 62
(7,1) (7,2) 80
(8,1) (8,2) 13
(9,1) (9,2) 26
(10,1) (10,2) 88
(1,2) (1,3) 57
(2,2) (2,3) 34
(3,2) (3,3) 60
(4,2) (4,3) 93
(5,2) (5,3) 15
(6,2) (6,3) 18
(7,2) (7,3) 96
(8,2) (8,3) 20
(9,2) (9,3) 91
(10,2) (10,3) 70
(1,3) (1,4) 46
(2,3) (2,4) 49
(3,3) (3,4) 75
(4,3) (4,4) 73
(5,3) (5,4) 60
(6,3) (6,4) 47
(7,3) (7,4) 80
(8,3) (8,4) 85
(9,3) (9,4) 98
(10,3) (10,4) 9
(1,4) (1,5) 77
(2,4) (2,5) 65
(3,4) (3,5) 100
(4,4) (4,5) 26
(5,4) (5,5) 24
(6,4) (6,5) 22
(7,4) (7,5) 88
(8,4) (8,5) 79
(9,4) (9,5) 16
(10,4) (10,5) 93
(1,5) (1,6) 19
(2,5) (2,6) 51
(3,5) (3,6) 47
(4,5) (4,6) 100
(5,5) (5,6) 68
(6,5) (6,6) 3
(7,5) (7,6) 94
(8,5) (8,6) 65
(9,5) (9,6) 76
(10,5) (10,6) 69
(1,6) (1,7) 20
(2,6) (2,7) 88
(3,6) (3,7) 62
(4,6) (4,7) 20
(5,6) (5,7) 76
(6,6) (6,7) 79
(7,6) (7,7) 91
(8,6) (8,7) 5
(9,6) (9,7) 50
(10,6) (10,7) 77
(1,7) (1,8) 46
(2,7) (2,8) 31
(3,7) (3,8) 17
(4,7) (4,8) 76
(5,7) (5,8) 49
(6,7) (6,8) 44
(7,7) (7,8) 6
(8,7) (8,8) 56
(9,7) (9,8) 16
(10,7) (10,8) 41
(1,8) (1,9) 66
(2,8) (2,9) 77
(3,8) (3,9) 88
(4,8) (4,9) 65
(5,8) (5,9) 50
(6,8) (6,9) 53
(7,8) (7,9) 33
(8,8) (8,9) 11
(9,8) (9,9) 60
(10,8) (10,9) 1
(1,9) (1,10) 65
(2,9) (2,10) 17
(3,9) (3,10) 3
(4,9) (4,10) 34
(5,9) (5,10) 100
(6,9) (6,10) 53
(7,9) (7,10) 24
(8,9) (8,10) 91
(9,9) (9,10) 64
(10,9) (10,10) 19
(1,1) (2,1) 95
(2,1) (1,1) 53
(2,1) (3,1) 53
(3,1) (2,1) 57
(3,1) (4,1) 29
(4,1) (3,1) 54
(4,1) (5,1) 3
(5,1) (4,1) 20
(5,1) (6,1) 63
(6,1) (5,1) 15
(6,1) (7,1) 32
(7,1) (6,1) 6
(7,1) (8,1) 45
(8,1) (7,1) 95
(8,1) (9,1) 18
(9,1) (8,1) 50
(9,1) (10,1) 90
(10,1) (9,1) 85
(1,2) (2,2) 67
(2,2) (1,2) 4
(2,2) (3,2) 36
(3,2) (2,2) 26
(3,2) (4,2) 67
(4,2) (3,2) 74
(4,2) (5,2) 100
(5,2) (4,2) 92
(5,2) (6,2) 99
(6,2) (5,2) 4
(6,2) (7,2) 67
(7,2) (6,2) 94
(7,2) (8,2) 67
(8,2) (7,2) 67
(8,2) (9,2) 72
(9,2) (8,2) 98
(9,2) (10,2) 3
(10,2) (9,2) 18
(1,3) (2,3) 89
(2,3) (1,3) 51
(2,3) (3,3) 63
(3,3) (2,3) 57
(3,3) (4,3) 34
(4,3) (3,3) 9
(4,3) (5,3) 32
(5,3) (4,3) 80
(5,3) (6,3) 25
(6,3) (5,3) 96
(6,3) (7,3) 47
(7,3) (6,3) 61
(7,3) (8,3) 100
(8,3) (7,3) 68
(8,3) (9,3) 77
(9,3) (8,3) 26
(9,3) (10,3) 26
(10,3) (9,3) 49
(1,4) (2,4) 39
(2,4) (1,4) 46
(2,4) (3,4) 80
(3,4) (2,4) 21
(3,4) (4,4) 33
(4,4) (3,4) 50
(4,4) (5,4) 37
(5,4) (4,4) 87
(5,4) (6,4) 16
(6,4) (5,4) 39
(6,4) (7,4) 12
(7,4) (6,4) 92
(7,4) (8,4) 35
(8,4) (7,4) 67
(8,4) (9,4) 58
(9,4) (8,4) 8
(9,4) (10,4) 59
(10,4) (9,4) 5
(1,5) (2,5) 69
(2,5) (1,5) 52
(2,5) (3,5) 72
(3,5) (2,5) 67
(3,5) (4,5) 62
(4,5) (3,5) 94
(4,5) (5,5) 62
(5,5) (4,5) 83
(5,5) (6,5) 40
(6,5) (5,5) 22
(6,5) (7,5) 45
(7,5) (6,5) 26
(7,5) (8,5) 10
(8,5) (7,5) 65
(8,5) (9,5) 99
(9,5) (8,5) 41
(9,5) (10,5) 91
(10,5) (9,5) 51
(1,6) (2,6) 48
(2,6) (1,6) 49
(2,6) (3,6) 26
(3,6) (2,6) 83
(3,6) (4,6) 8
(4,6) (3,6) 67
(4,6) (5,6) 80
(5,6) (4,6) 6
(5,6) (6,6) 91
(6,6) (5,6) 38
(6,6) (7,6) 78
(7,6) (6,6) 65
(7,6) (8,6) 53
(8,6) (7,6) 90
(8,6) (9,6) 40
(9,6) (8,6) 13
(9,6) (10,6) 64
(10,6) (9,6) 77
(1,7) (2,7) 68
(2,7) (1,7) 44
(2,7) (3,7) 68
(3,7) (2,7) 51
(3,7) (4,7) 93
(4,7) (3,7) 59
(4,7) (5,7) 81
(5,7) (4,7) 34
(5,7) (6,7) 12
(6,7) (5,7) 46
(6,7) (7,7) 33
(7,7) (6,7) 68
(7,7) (8,7) 96
(8,7) (7,7) 13
(8,7) (9,7) 77
(9,7) (8,7) 47
(9,7) (10,7) 46
(10,7) (9,7) 41
(1,8) (2,8) 50
(2,8) (1,8) 8
(2,8) (3,8) 92
(3,8) (2,8) 98
(3,8) (4,8) 73
(4,8) (3,8) 48
(4,8) (5,8) 35
(5,8) (4,8) 100
(5,8) (6,8) 8
(6,8) (5,8) 64
(6,8) (7,8) 92
(7,8) (6,8) 16
(7,8) (8,8) 59
(8,8) (7,8) 39
(8,8) (9,8) 63
(9,8) (8,8) 27
(9,8) (10,8) 75
(10,8) (9,8) 38
(1,9) (2,9) 24
(2,9) (1,9) 27
(2,9) (3,9) 2
(3,9) (2,9) 100
(3,9) (4,9) 28
(4,9) (3,9) 9
(4,9) (5,9) 93
(5,9) (4,9) 99
(5,9) (6,9) 80
(6,9) (5,9) 70
(6,9) (7,9) 92
(7,9) (6,9) 71
(7,9) (8,9) 93
(8,9) (7,9) 81
(8,9) (9,9) 66
(9,9) (8,9) 34
(9,9) (10,9) 75
(10,9) (9,9) 7
(1,10) (2,10) 97
(2,10) (1,10) 54
(2,10) (3,10) 39
(3,10) (2,10) 35
(3,10) (4,10) 17
(4,10) (3,10) 72
(4,10) (5,10) 5
(5,10) (4,10) 37
(5,10) (6,10) 18
(6,10) (5,10) 34
(6,10) (7,10) 64
(7,10) (6,10) 74
(7,10) (8,10) 50
(8,10) (7,10) 80
(8,10) (9,10) 88
(9,10) (8,10) 25
(9,10) (10,10) 72
(10,10) (9,10) 82
(1,10) t 74
(2,10) t 69
(3,10) t 53
(4,10) t 34
(5,10) t 50
(6,10) t 56
(7,10) t 4
(8,10) t 77
(9,10) t 95
(10,10) t 8
