s (1,1) 71
s (2,1) 65
s (3,1) 85
s (4,1) 53
s (5,1) 60
s (6,1) 27
s (7,1) 36
s (8,1) 76
s (9,1) 45
s (10,1) 51
(1,1) (1,2) 75
(2,1) (2,2) 25
(3,1) (3,2) 10
(4,1) (4,2) 6
(5,1) (5,2) 56
(6,1) (6,2) 40
(7,1) (7,2) 95
(8,1) (8,2) 67
(9,1) (9,2) 22
(10,1) (10,2) 48
(1,2) (1,3) 38
(2,2) (2,3) 79
(3,2) (3,3) 80
(4,2) (4,3) 33
(5,2) (5,3) 36
(6,2) (6,3) 81
(7,2) (7,3) 4
(8,2) (8,3) 59
(9,2) (9,3) 53
(10,2) (10,3) 32
(1,3) (1,4) 100
(2,3) (2,4) 35
(3,3) (3,4) 9
(4,3) (4,4) 42
(5,3) (5,4) 43
(6,3) (6,4) 3
(7,3) (7,4) 3
(8,3) (8,4) 51
(9,3) (9,4) 10
(10,3) (10,4) 6
(1,4) (1,5) 98
(2,4) (2,5) 18
(3,4) (3,5) 55
(4,4) (4,5) 82
(5,4) (5,5) 83
(6,4) (6,5) 92
(7,4) (7,5) 28
(8,4) (8,5) 19
(9,4) (9,5) 21
(10,4) (10,5) 59
(1,5) (1,6) 98
(2,5) (2,6) 85
(3,5) (3,6) 40
(4,5) (4,6) 27
(5,5) (5,6) 4
(6,5) (6,6) 17
(7,5) (7,6) 17
(8,5) (8,6) 41
(9,5) (9,6) 22
(10,5) (10,6) 29
(1,6) (1,7) 57
(2,6) (2,7) 40
(3,6) (3,7) 10
(4,6) (4,7) 74
(5,6) (5,7) 53
(6,6) (6,7) 14
(7,6) (7,7) 65
(8,6) (8,7) 92
(9,6) (9,7) 85
(10,6) (10,7) 7
(1,7) (1,8) 4
(2,7) (2,8) 81
(3,7) (3,8) 65
(4,7) (4,8) 73
(5,7) (5,8) 95
(6,7) (6,8) 94
(7,7) (7,8) 83
(8,7) (8,8) 39
(9,7) (9,8) 69
(10,7) (10,8) 27
(1,8) (1,9) 60
(2,8) (2,9) 100
(3,8) (3,9) 86
(4,8) (4,9) 86
(5,8) (5,9) 83
(6,8) (6,9) 85
(7,8) (7,9) 53
(8,8) (8,9) 28
(9,8) (9,9) 100
(10,8) (10,9) 59
(1,9) (1,10) 17
(2,9) (2,10) 44
(3,9) (3,10) 55
(4,9) (4,10) 16
(5,9) (5,10) 38
(6,9) (6,10) 9
(7,9) (7,10) 95
(8,9) (8,10) 20
(9,9) (9,10) 10
(10,9) (10,10) 58
(1,1) (2,1) 66
(2,1) (1,1) 39
(2,1) (3,1) 38
(3,1) (2,1) 5
(3,1) (4,1) 63
(4,1) (3,1) 30
(4,1) (5,1) 11
(5,1) (4,1) 13
(5,1) (6,1) 39
(6,1) (5,1) 100
(6,1) (7,1) 62
(7,1) (6,1) 69
(7,1) (8,1) 82
(8,1) (7,1) 20
(8,1) (9,1) 48
(9,1) (8,1) 51
(9,1) (10,1) 58
(10,1) (9,1) 9
(1,2) (2,2) 28
(2,2) (1,2) 50
(2,2) (3,2) 18
(3,2) (2,2) 81
(3,2) (4,2) 63
(4,2) (3,2) 5
(4,2) (5,2) 89
(5,2) (4,2) 27
(5,2) (6,2) 61
(6,2) (5,2) 47
(6,2) (7,2) 26
(7,2) (6,2) 92
(7,2) (8,2) 97
(8,2) (7,2) 8
(8,2) (9,2) 72
(9,2) (8,2) 41
(9,2) (10,2) 87
(10,2) (9,2) 33
(1,3) (2,3) 35
(2,3) (1,3) 39
(2,3) (3,3) 63
(3,3) (2,3) 52
(3,3) (4,3) 26
(4,3) (3,3) 79
(4,3) (5,3) 95
(5,3) (4,3) 77
(5,3) (6,3) 44
(6,3) (5,3) 53
(6,3) (7,3) 7
(7,3) (6,3) 97
(7,3) (8,3) 65
(8,3) (7,3) 88
(8,3) (9,3) 40
(9,3) (8,3) 58
(9,3) (10,3) 78
(10,3) (9,3) 41
(1,4) (2,4) 26
(2,4) (1,4) 63
(2,4) (3,4) 53
(3,4) (2,4) 10
(3,4) (4,4) 66
(4,4) (3,4) 62
(4,4) (5,4) 36
(5,4) (4,4) 18
(5,4) (6,4) 16
(6,4) (5,4) 87
(6,4) (7,4) 61
(7,4) (6,4) 99
(7,4) (8,4) 92
(8,4) (7,4) 15
(8,4) (9,4) 31
(9,4) (8,4) 3
(9,4) (10,4) 68
(10,4) (9,4) 31
(1,5) (2,5) 84
(2,5) (1,5) 31
(2,5) (3,5) 66
(3,5) (2,5) 87
(3,5) (4,5) 70
(4,5) (3,5) 57
(4,5) (5,5) 26
(5,5) (4,5) 48
(5,5) (6,5) 57
(6,5) (5,5) 10
(6,5) (7,5) 58
(7,5) (6,5) 14
(7,5) (8,5) 74
(8,5) (7,5) 26
(8,5) (9,5) 8
(9,5) (8,5) 74
(9,5) (10,5) 14
(10,5) (9,5) 13
(1,6) (2,6) 46
(2,6) (1,6) 20
(2,6) (3,6) 75
(3,6) (2,6) 26
(3,6) (4,6) 82
(4,6) (3,6) 41
(4,6) (5,6) 17
(5,6) (4,6) 65
(5,6) (6,6) 52
(6,6) (5,6) 78
(6,6) (7,6) 61
(7,6) (6,6) 65
(7,6) (8,6) 4
(8,6) (7,6) 52
(8,6) (9,6) 85
(9,6) (8,6) 73
(9,6) (10,6) 32
(10,6) (9,6) 71
(1,7) (2,7) 43
(2,7) (1,7) 86
(2,7) (3,7) 95
(3,7) (2,7) 46
(3,7) (4,7) 33
(4,7) (3,7) 23
(4,7) (5,7) 42
(5,7) (4,7) 37
(5,7) (6,7) 19
(6,7) (5,7) 12
(6,7) (7,7) 63
(7,7) (6,7) 35
(7,7) (8,7) 53
(8,7) (7,7) 55
(8,7) (9,7) 33
(9,7) (8,7) 31
(9,7) (10,7) 44
(10,7) (9,7) 16
(1,8) (2,8) 99
(2,8) (1,8) 5
(2,8) (3,8) 26
(3,8) (2,8) 29
(3,8) (4,8) 40
(4,8) (3,8) 57
(4,8) (5,8) 26
(5,8) (4,8) 92
(5,8) (6,8) 28
(6,8) (5,8) 81
(6,8) (7,8) 78
(7,8) (6,8) 25
(7,8) (8,8) 87
(8,8) (7,8) 61
(8,8) (9,8) 53
(9,8) (8,8) 87
(9,8) (10,8) 21
(10,8) (9,8) 5
(1,9) (2,9) 65
(2,9) (1,9) 90
(2,9) (3,9) 43
(3,9) (2,9) 70
(3,9) (4,9) 53
(4,9) (3,9) 67
(4,9) (5,9) 69
(5,9) (4,9) 85
(5,9) (6,9) 41
(6,9) (5,9) 77
(6,9) (7,9) 41
(7,9) (6,9) 61
(7,9) (8,9) 55
(8,9) (7,9) 93
(8,9) (9,9) 98
(9,9) (8,9) 72
(9,9) (10,9) 86
(10,9) (9,9) 65
(1,10) (2,10) 31
(2,10) (1,10) 38
(2,10) (3,10) 30
(3,10) (2,10) 57
(3,10) (4,10) 84
(4,10) (3,10) 6
(4,10) (5,10) 66
(5,10) (4,10) 2
(5,10) (6,10) 71
(6,10) (5,10) 49
(6,10) (7,10) 30
(7,10) (6,10) 88
(7,10) (8,10) 80
(8,10) (7,10) 49
(8,10) (9,10) 21
(9,10) (8,10) 64
(9,10) (10,10) 81
(10,10) (9,10) 39
(1,10) t 8
(2,10) t 59
(3,10) t 81
(4,10) t 53
(5,10) t 62
(6,10) t 67
(7,10) t 85
(8,10) t 20
(9,10) t 75
(10,10) t 52
