s (1,1) 98
s (2,1) 38
s (3,1) 15
s (4,1) 90
s (5,1) 10
s (6,1) 87
s (7,1) 44
s (8,1) 79
s (9,1) 45
s (10,1) 46
(1,1) (1,2) 75
(2,1) (2,2) 100
(3,1) (3,2) 86
(4,1) (4,2) 82
(5,1) (5,2) 25
(6,1) (6,2) 80
(7,1) (7,2) 34
(8,1) (8,2) 31
(9,1) (9,2) 59
(10,1) (10,2) 58
(1,2) (1,3) 29
(2,2) (2,3) 89
(3,2) (3,3) 77
(4,2) (4,3) 59
(5,2) (5,3) 10
(6,2) (6,3) 55
(7,2) (7,3) 46
(8,2) (8,3) 48
(9,2) (9,3) 43
(10,2) (10,3) 95
(1,3) (1,4) 85
(2,3) (2,4) 26
(3,3) (3,4) 66
(4,3) (4,4) 97
(5,3) (5,4) 77
(6,3) (6,4) 50
(7,3) (7,4) 68
(8,3) (8,4) 33
(9,3) (9,4) 72
(10,3) (10,4) 93
(1,4) (1,5) 32
(2,4) (2,5) 58
(3,4) (3,5) 66
(4,4) (4,5) 54
(5,4) (5,5) 1
(6,4) (6,5) 33
(7,4) (7,5) 49
(8,4) (8,5) 44
(9,4) (9,5) 7
(10,4) (10,5) 3
(1,5) (1,6) 93
(2,5) (2,6) 38
(3,5) (3,6) 4
(4,5) (4,6) 42
(5,5) (5,6) 70
(6,5) (6,6) 52
(7,5) (7,6) 36
(8,5) (8,6) 71
(9,5) (9,6) 54
(10,5) (10,6) 48
(1,6) (1,7) 47
(2,6) (2,7) 98
(3,6) (3,7) 74
(4,6) (4,7) 63
(5,6) (5,7) 15
(6,6) (6,7) 7
(7,6) (7,7) 85
(8,6) (8,7) 55
(9,6) (9,7) 52
(10,6) (10,7) 6
(1,7) (1,8) 4
(2,7) (2,8) 98
(3,7) (3,8) 85
(4,7) (4,8) 62
(5,7) (5,8) 44
(6,7) (6,8) 57
(7,7) (7,8) 34
(8,7) (8,8) 14
(9,7) (9,8) 24
(10,7) (10,8) 38
(1,8) (1,9) 29
(2,8) (2,9) 76
(3,8) (3,9) 32
(4,8) (4,9) 96
(5,8) (5,9) 94
(6,8) (6,9) 68
(7,8) (7,9) 80
(8,8) (8,9) 6
(9,8) (9,9) 25
(10,8) (10,9) 49
(1,9) (1,10) 48
(2,9) (2,10) 95
(3,9) (3,10) 27
(4,9) (4,10) 59
(5,9) (5,10) 52
(6,9) (6,10) 17
(7,9) (7,10) 69
(8,9) (8,10) 9
(9,9) (9,10) 80
(10,9) (10,10) 23
(1,1) (2,1) 10
(2,1) (1,1) 61
(2,1) (3,1) 58
(3,1) (2,1) 22
(3,1) (4,1) 89
(4,1) (3,1) 99
(4,1) (5,1) 38
(5,1) (4,1) 25
(5,1) (6,1) 30
(6,1) (5,1) 23
(6,1) (7,1) 59
(7,1) (6,1) 13
(7,1) (8,1) 29
(8,1) (7,1) 35
(8,1) (9,1) 4
(9,1) (8,1) 68
(9,1) (10,1) 24
(10,1) (9,1) 5
(1,2) (2,2) 80
(2,2) (1,2) 64
(2,2) (3,2) 47
(3,2) (2,2) 54
(3,2) (4,2) 15
(4,2) (3,2) 8
(4,2) (5,2) 23
(5,2) (4,2) 97
(5,2) (6,2) 1
(6,2) (5,2) 12
(6,2) (7,2) 33
(7,2) (6,2) 74
(7,2) (8,2) 69
(8,2) (7,2) 40
(8,2) (9,2) 2
(9,2) (8,2) 30
(9,2) (10,2) 55
(10,2) (9,2) 7
(1,3) (2,3) 86
(2,3) (1,3) 76
(2,3) (3,3) 28
(3,3) (2,3) 29
(3,3) (4,3) 12
(4,3) (3,3) 31
(4,3) (5,3) 87
(5,3) (4,3) 54
(5,3) (6,3) 69
(6,3) (5,3) 60
(6,3) (7,3) 52
(7,3) (6,3) 46
(7,3) (8,3) 38
(8,3) (7,3) 39
(8,3) (9,3) 44
(9,3) (8,3) 87
(9,3) (10,3) 37
(10,3) (9,3) 9
(1,4) (2,4) 56
(2,4) (1,4) 33
(2,4) (3,4) 1
(3,4) (2,4) 83
(3,4) (4,4) 21
(4,4) (3,4) 69
(4,4) (5,4) 70
(5,4) (4,4) 4
(5,4) (6,4) 61
(6,4) (5,4) 84
(6,4) (7,4) 31
(7,4) (6,4) 46
(7,4) (8,4) 51
(8,4) (7,4) 24
(8,4) (9,4) 46
(9,4) (8,4) 7
(9,4) (10,4) 29
(10,4) (9,4) 98
(1,5) (2,5) 38
(2,5) (1,5) 42
(2,5) (3,5) 43
(3,5) (2,5) 99
(3,5) (4,5) 72
(4,5) (3,5) 47
(4,5) (5,5) 44
(5,5) (4,5) 73
(5,5) (6,5) 48
(6,5) (5,5) 13
(6,5) (7,5) 29
(7,5) (6,5) 73
(7,5) (8,5) 44
(8,5) (7,5) 63
(8,5) (9,5) 62
(9,5) (8,5) 100
(9,5) (10,5) 51
(10,5) (9,5) 39
(1,6) (2,6) 94
(2,6) (1,6) 83
(2,6) (3,6) 4
(3,6) (2,6) 20
(3,6) (4,6) 7
(4,6) (3,6) 80
(4,6) (5,6) 6
(5,6) (4,6) 83
(5,6) (6,6) 82
(6,6) (5,6) 10
(6,6) (7,6) 36
(7,6) (6,6) 57
(7,6) (8,6) 69
(8,6) (7,6) 53
(8,6) (9,6) 82
(9,6) (8,6) 96
(9,6) (10,6) 38
(10,6) (9,6) 55
(1,7) (2,7) 82
(2,7) (1,7) 39
(2,7) (3,7) 10
(3,7) (2,7) 87
(3,7) (4,7) 6
(4,7) (3,7) 99
(4,7) (5,7) 67
(5,7) (4,7) 25
(5,7) (6,7) 43
(6,7) (5,7) 20
(6,7) (7,7) 62
(7,7) (6,7) 3
(7,7) (8,7) 62
(8,7) (7,7) 49
(8,7) (9,7) 69
(9,7) (8,7) 31
(9,7) (10,7) 91
(10,7) (9,7) 17
(1,8) (2,8) 20
(2,8) (1,8) 16
(2,8) (3,8) 27
(3,8) (2,8) 31
(3,8) (4,8) 100
(4,8) (3,8) 7
(4,8) (5,8) 56
(5,8) (4,8) 17
(5,8) (6,8) 65
(6,8) (5,8) 60
(6,8) (7,8) 61
(7,8) (6,8) 93
(7,8) (8,8) 42
(8,8) (7,8) 83
(8,8) (9,8) 16
(9,8) (8,8) 97
(9,8) (10,8) 39
(10,8) (9,8) 27
(1,9) (2,9) 11
(2,9) (1,9) 21
(2,9) (3,9) 6
(3,9) (2,9) 12
(3,9) (4,9) 26
(4,9) (3,9) 7
(4,9) (5,9) 72
(5,9) (4,9) 72
(5,9) (6,9) 94
(6,9) (5,9) 83
(6,9) (7,9) 62
(7,9) (6,9) 56
(7,9) (8,9) 12
(8,9) (7,9) 21
(8,9) (9,9) 99
(9,9) (8,9) 13
(9,9) (10,9) 50
(10,9) (9,9) 20
(1,10) (2,10) 54
(2,10) (1,10) 23
(2,10) (3,10) 67
(3,10) (2,10) 21
(3,10) (4,10) 45
(4,10) (3,10) 16
(4,10) (5,10) 23
(5,10) (4,10) 45
(5,10) (6,10) 57
(6,10) (5,10) 50
(6,10) (7,10) 1
(7,10) (6,10) 64
(7,10) (8,10) 93
(8,10) (7,10) 40
(8,10) (9,10) 76
(9,10) (8,10) 55
(9,10) (10,10) 31
(10,10) (9,10) 85
(1,10) t 97
(2,10) t 45
(3,10) t 7
(4,10) t 36
(5,10) t 7
(6,10) t 54
(7,10) t 5
(8,10) t 90
(9,10) t 38
(10,10) t 5
